time,x,y,z,phi,theta,psi,x_velocity,y_velocity,z_velocity,phi_velocity,theta_velocity,psi_velocity,rotor_speed1,rotor_speed2,rotor_speed3,rotor_speed4
0.06,1.04298090663e-07,-1.0988418223e-07,10.0075524056,6.28294322847,6.28292054785,0.0,1.75740226465e-05,-1.67945717993e-05,0.251724710382,-0.0136592524871,-0.0151515896331,0.0,482.78990282597425,481.64563496262167,483.5921864776054,482.56246136731295
0.12000000000000001,9.45327815412e-06,-8.55239417754e-06,10.0244740191,6.28236747695,6.28154736182,0.0,0.000395877148469,-0.000330715779498,0.312313859238,-0.00250574078807,-0.0465892680627,0.0,426.01249268065266,423.3160552842651,423.4331953229605,424.39156149300896
0.18,7.87930208645e-05,-4.63371806322e-05,10.0472148993,6.28254376068,6.27951223254,0.0,0.00216545938996,-0.000925464587063,0.445671661875,0.0120586330998,-0.0162521409455,0.0,446.6056341437593,449.072148990595,446.53060248119044,447.7169169960547
0.23999999999999996,0.000291838391794,-0.000112634594392,10.07796532,0.000299834928956,6.27886923968,0.0,0.00502043607066,-0.00119446001669,0.579283252241,0.0221096481762,-0.00146708917805,0.0,447.3985185722158,448.6006081207906,446.92775083306594,447.7459870580643
0.3,0.000684187017245,-0.000172844723152,10.1161041324,0.00160126914331,6.2783763229,0.0,0.00808199649437,-0.000676063143433,0.691948309735,0.0208390469472,-0.0272523686895,0.0,442.3882718738412,440.2603454850188,441.2638780076984,441.15900471102736
0.36000000000000004,0.00127764440973,-0.00017452638038,10.1612067934,0.00251856519078,6.27680446425,0.0,0.0118676148213,0.000737029350926,0.811394921296,0.000861212148706,-0.0241677766907,0.0,442.06212391933224,442.31604559721325,445.7049545876226,444.06934676417114
0.4200000000000001,0.00215828967336,-6.60516561718e-05,10.2176889952,0.00240884497794,6.27581480989,0.0,0.0176350364935,0.00287541881415,1.07113730132,-0.00783978913949,-0.0044032378149,0.0,485.4135640803261,486.89436354912704,485.4615300959061,484.80833395115474
0.48000000000000015,0.00339426949416,0.00016294437754,10.2882629295,0.00250441560324,6.27543170988,0.0,0.0236005928798,0.00474061865348,1.28111534569,0.0158014925572,-0.010676650436,0.0,471.49955780635395,471.0148038171597,471.1529789128401,472.97703695073477
0.5400000000000001,0.00494717881964,0.00049404142229,10.3649097733,0.0032809323028,6.27519668154,0.0,0.0281985517758,0.00637084844313,1.27378714807,0.00650240976112,0.00699885932508,0.0,403.0051278831934,404.5995296526022,402.8249237974066,401.9831308322731
0.6000000000000002,0.00679242154049,0.000941364640331,10.4430947128,0.00362277523291,6.27587743862,0.0,0.0332550889085,0.00857483492081,1.33231113289,0.00403659395159,0.0188664123619,0.0,423.59623869953066,424.6153447188441,426.3636033881897,426.15280775566197
0.6600000000000003,0.00895509741147,0.00154267763797,10.528982231,0.00407813043187,6.27717417443,0.0,0.0386902578734,0.0115096082719,1.53036305593,0.013886301402,0.0266044926823,0.0,468.5447525049089,469.14588067066086,468.20786928848497,468.97336954740507
0.7200000000000003,0.0114121345354,0.00233393179081,10.6269260562,0.0045066552947,6.27899709938,0.0,0.0430075888044,0.0149448469156,1.73414541397,-0.0118793524173,0.0370302617553,0.0,469.756333031718,470.5642651986155,472.69568728574745,470.7060790259306
0.7800000000000004,0.0140766384302,0.00332833814674,10.73565187,0.00380242654659,6.28145310025,0.0,0.0455493238614,0.0181228625933,1.8898054824,-0.0114542415341,0.0477754443199,0.0,456.52739883965535,457.3847183619816,457.256772196419,457.2907617654935
0.8400000000000004,0.0168326901825,0.00448736106506,10.8507202476,0.00362327420189,0.00121621654032,0.0,0.0460411434414,0.0204732061774,1.94571403701,0.0100852752706,0.0517384853646,0.0,426.6640559916694,427.00385463559996,424.6905455784792,426.5339830928146
0.9000000000000005,0.0195519994239,0.00580567731917,10.9739100628,0.00400448702859,0.0041479202183,0.0,0.0442432864447,0.0235294448249,2.16023242087,-0.00241174154738,0.0423805541211,0.0,475.7547809952134,475.0390787622235,475.8551906873694,474.8975501439136
0.9600000000000005,0.0221069552555,0.00730499580594,11.1074306066,0.00496508531334,0.0065727398002,0.0,0.0406583364847,0.0265052257879,2.290199816,0.0387405532353,0.0361583408727,0.0,450.98283231304043,450.48081196565187,449.14799435540033,452.4730701604021
1.0200000000000005,0.0243859884035,0.00901974091077,11.2501431232,0.0077273448587,0.00894269496179,0.0,0.0350540380643,0.0309424297004,2.46651734212,0.0576486980551,0.0454586960938,0.0,465.63528201122165,466.36295368035877,464.05143538227316,465.534346628814
1.0800000000000005,0.0262878489654,0.0110534207824,11.4016566474,0.0110032015744,0.0124607183974,0.0,0.0280087466272,0.0371975554689,2.58366979821,0.0476679073453,0.0767932140227,0.0,446.93574051539366,449.4844536216016,448.4517601141448,447.64227661935485
1.1400000000000006,0.027680552232,0.0135350214579,11.5605956461,0.0145192426242,0.017395950944,0.0,0.01790867235,0.0458646938808,2.71398558634,0.0744718191477,0.0913927938919,0.0,451.7116426601948,452.8927082661331,452.1487985272666,454.3052199211881
1.2000000000000006,0.0283527727933,0.0166220701044,11.7276189611,0.0186463428843,0.022682721714,0.0,0.00392333187963,0.0574985237278,2.85310302785,0.0538873442811,0.0805843995515,0.0,456.31784750135756,455.46043012592594,457.1867722685904,455.54709087609393
1.2600000000000007,0.0281635659159,0.0204183095425,11.8991442852,0.0215962007021,0.0273257420968,0.0,-0.010651571874,0.0693187506894,2.86436324627,0.0374780901146,0.0700641158064,0.0,416.16928225674906,415.25259787280885,417.0263203478659,415.592139107542
1.3200000000000007,0.027006293682,0.0249827702155,12.0717585345,0.0238628902881,0.0318613565543,0.0,-0.028321198695,0.0830334605648,2.88936478821,0.0383715002727,0.0848298873342,0.0,419.73349689388704,421.0177901424368,420.970025660029,421.0480946377159
1.3800000000000008,0.0246482809141,0.0304521949454,12.247528612,0.0258412682687,0.0367404542072,0.0,-0.0507672096957,0.0994902507984,2.96940946847,0.0190756196252,0.0731663545191,0.0,439.4397690596925,438.47726024623023,439.3373420063069,437.73494770695237
1.4400000000000008,0.0206543173004,0.0370802517816,12.4332571013,0.0278058867018,0.040874651217,0.0,-0.0828716736786,0.121630777546,3.22083827549,0.0513797816901,0.0586183869896,0.0,490.9233232688635,489.8457321096454,489.8136715906331,492.21047095994925
1.5000000000000009,0.0146580413075,0.0450770327067,12.6334771838,0.0305381925398,0.044580392902,0.0,-0.11741537025,0.145266442473,3.4524612981,0.0300788391581,0.0674043951833,0.0,486.0681473047091,486.72850587074794,487.26867649994153,485.67461791673327
1.560000000000001,0.00660107547607,0.0544815934116,12.8452671612,0.0319811384109,0.048254035883,0.0,-0.151557655108,0.168386390195,3.6066996749,0.00788732240888,0.0445133599109,0.0,466.3807520501446,464.5917320132257,465.62562397402974,463.8862823849414
1.620000000000001,-0.0032954268211,0.0651122280115,13.0604590069,0.032307124033,0.0511324572684,0.0,-0.17855771701,0.186004085345,3.56647016506,6.91695177938e-06,0.0541226891749,0.0,402.87354794445247,403.7431666022803,404.24504747269884,403.5341791338023
1.680000000000001,-0.0149558893894,0.0768626373185,13.2750561353,0.0323489694724,0.0538042195814,0.0,-0.210405012762,0.205674823759,3.58668218502,0.00204397218557,0.00626200606155,0.0,426.26510756169444,422.15606838204815,423.28604430944864,423.4613062228605
1.740000000000001,-0.0285072908351,0.0897594563391,13.4897821363,0.0327468773854,0.0541440299458,0.0,-0.241341378713,0.224242955883,3.57089103698,0.0145122441246,0.0044387575988,0.0,412.91752250795065,412.75654291864055,410.4447520038734,411.5498054228598
1.8000000000000012,-0.0441155538827,0.103898268649,13.7071539099,0.0342146253972,0.0544255374736,0.0,-0.278944603269,0.247164046392,3.67449261668,0.0392581287672,0.00519314498296,0.0,450.14147924488447,450.2024393212656,449.9629304767592,451.96196272386686
1.8600000000000012,-0.0620102311437,0.11946297783,13.9311807074,0.0366539048457,0.0543536327758,0.0,-0.317541753636,0.271896309286,3.79266227076,0.0433101686264,-0.0187661215904,0.0,456.0538272958079,454.1360093505059,456.31795371554915,456.6421311165856
1.9200000000000013,-0.0820467362257,0.136450691574,14.1592127552,0.0401169768864,0.0527639554983,0.0,-0.350225933047,0.294638002217,3.80833973569,0.0770422471446,-0.0501624867352,0.0,425.15407831334903,422.45491977996187,422.8241163174225,425.7226991050078
1.9800000000000013,-0.104129640304,0.15496662317,14.3904848311,0.0454519507261,0.0495208105867,0.0,-0.385542923023,0.323055715551,3.90040342444,0.105772591739,-0.0632579390122,0.0,449.5211402471095,448.4566663486076,447.21974221568223,449.5601080979678
2.0400000000000014,-0.128378541101,0.175412715455,14.6296432779,0.0519372758934,0.0454406847419,0.0,-0.422287412162,0.359174743445,4.07092667439,0.112356090226,-0.0797518128437,0.0,473.8990180674246,472.6261415385303,472.8890776293445,473.4054393213561
2.1000000000000014,-0.154663938467,0.198089427616,14.8774146951,0.0583585424595,0.0409646898532,0.0,-0.453395121945,0.397383976898,4.18767128082,0.0933524206654,-0.0659002953045,0.0,457.7997594240308,458.89642079569285,458.99347560169196,457.4922146501257
2.1600000000000015,-0.182713009988,0.22317314732,15.1318986857,0.0638376308902,0.0367676891851,0.0,-0.481143378512,0.439286946083,4.29470142873,0.0869064076445,-0.0796111294105,0.0,457.3233793069509,456.22621657464214,455.9818577347582,455.4733395043261
2.2200000000000015,-0.212336927201,0.250883492218,15.3927933727,0.0688349426869,0.0320746066499,0.0,-0.505822848876,0.484891027359,4.4013532581,0.0748457964581,-0.075569607465,0.0,456.52427299414205,456.8419649790276,457.8311292746343,456.8758427986947
2.2800000000000016,-0.243279544462,0.281285136427,15.6579804964,0.0735801172969,0.0272092507197,0.0,-0.525165571432,0.528914559492,4.43804753513,0.0864418526454,-0.0953957556228,0.0,437.96584630818387,436.3079101951698,434.29387222187904,435.270627770538
2.3400000000000016,-0.275392010601,0.314714060024,15.9293139173,0.0786864154872,0.0215190251388,0.0,-0.544598596144,0.585908220061,4.6056971993,0.0822893367961,-0.0937433454036,0.0,476.39492173746623,476.51428693140844,476.8819425105484,476.5700237911375
2.4000000000000017,-0.308517522486,0.35157984473,16.209476705,0.0836727963211,0.0158833468898,0.0,-0.558983134673,0.643433207495,4.73250035629,0.0846912599635,-0.0942995252073,0.0,466.67324549881994,466.62281228011693,464.9400272014546,465.1334809569483
2.4600000000000017,-0.342339934511,0.391743351633,16.4941492359,0.0896089825606,0.0102277397611,0.0,-0.567920974718,0.695847354741,4.7564350084,0.11810552977,-0.0941814810766,0.0,435.329023924369,435.33116541336483,433.1613692433128,435.9707835372735
2.520000000000002,-0.376630222118,0.43549385641,16.7838321082,0.0973984615626,0.00548748403008,0.0,-0.574535853478,0.76325668608,4.89896611696,0.146516609728,-0.0589869217615,0.0,470.4843103106944,473.1965023598082,471.1476083851778,473.35319446542456
2.580000000000002,-0.411211174632,0.483261281039,17.0799930494,0.105712302377,0.00165126167446,0.0,-0.577804689851,0.829802060369,4.97263291174,0.113719336371,-0.076341556063,0.0,453.90041052765207,452.50230183859844,453.2000274659093,450.5726015332923
2.640000000000002,-0.445912956599,0.535730936533,17.3856987873,0.112080218897,6.28002261139,0.0,-0.578346282223,0.919884408985,5.21634938032,0.0832242449003,-0.0894388739684,0.0,503.8707515659688,502.91846960625867,504.69503261244733,502.4969992372223
2.700000000000002,-0.480555260364,0.592907045365,17.6985351734,0.117240283935,6.27488153051,0.0,-0.575946964332,0.986419088796,5.21147287226,0.0910419504111,-0.0790758872937,0.0,429.36031525766464,430.2323886606565,431.71088528183367,432.3764314345497
2.760000000000002,-0.514942003079,0.654474372458,18.013666001,0.12265404276,6.27013954187,0.0,-0.569813212576,1.06630874453,5.29240855786,0.0885536172203,-0.0789478459242,0.0,458.26021808351743,458.265607064514,458.4174855713487,458.2262262915669
2.820000000000002,-0.548909789111,0.720551282924,18.3304960676,0.127655716081,6.2651080507,0.0,-0.562040283763,1.13668980584,5.26860833287,0.0701671269806,-0.0961320829442,0.0,426.938706955809,425.46349346704335,426.30918553593733,424.7408164454356
2.880000000000002,-0.582363476611,0.790661158142,18.6437991152,0.132174091586,6.25943774267,0.0,-0.552657030708,1.20066826015,5.17517633348,0.0839875011269,-0.0914372761111,0.0,401.47013719516326,401.88734220997287,401.7996300166609,403.05589951636165
2.940000000000002,-0.615030250309,0.865430594245,18.957117803,0.137108511132,6.25381758646,0.0,-0.535686721315,1.29207334523,5.26822256157,0.0784970981799,-0.0985515203424,0.0,462.57108839531327,462.00334369975803,462.58843843886416,462.1610216051794
3.000000000000002,-0.646728196678,0.945031715208,19.27060176,0.142184629476,6.24789166879,0.0,-0.520459907841,1.36169845253,5.18153786149,0.0946344959669,-0.0991959632146,0.0,404.8112923005265,404.74385750098384,404.25948471834215,405.7177749413472
3.0600000000000023,-0.677179974716,1.02983964779,19.5854833993,0.147749063046,6.24157268202,0.0,-0.493971060458,1.46571844268,5.31373241439,0.0886579233298,-0.121803859909,0.0,475.14003671645264,473.39411607089164,475.519967454641,475.068487461998
3.1200000000000023,-0.706122578225,1.12023675429,19.903152878,0.152754919156,6.23469518604,0.0,-0.470198923486,1.54794066449,5.27528854672,0.0701216404854,-0.1031717253,0.0,422.0029335751974,423.59578740679905,422.9895025894496,421.395840644244
3.1800000000000024,-0.733390453336,1.21606569956,20.221235979,0.157009865206,6.2287041961,0.0,-0.438163846321,1.64668630892,5.32708095494,0.0724577086002,-0.0939236817203,0.0,451.48513528904175,452.22233509272695,451.4965198481647,451.6887482754816
3.2400000000000024,-0.758559082873,1.31807445383,20.5435269459,0.16122793325,6.22334465403,0.0,-0.400262116608,1.75392824643,5.41535296613,0.0655983076472,-0.0814352672697,0.0,463.49377356696743,464.4680143809019,464.0742808773679,463.53899965580746
3.3000000000000025,-0.781381245378,1.42650228804,20.8705204066,0.165048597816,6.2185641167,0.0,-0.360024413334,1.8606116496,5.48392059469,0.059531829864,-0.0763720433474,0.0,457.4658512439885,457.8640105339574,460.67313738739693,460.19590504452924
3.3600000000000025,-0.801945712489,1.54076661523,21.1978278116,0.169013070274,6.21351060997,0.0,-0.325064524749,1.94849789798,5.42645026023,0.0766985441062,-0.108539313176,0.0,419.5092849223065,416.6992846457914,419.6750354967301,421.1661586889854
3.4200000000000026,-0.819956240093,1.66124405739,21.5268009201,0.174339765997,6.20774065284,0.0,-0.274694119705,2.06778989588,5.53853094956,0.105845225123,-0.078803300032,0.0,472.76923920670356,475.04749774017176,471.4306726588241,473.6835334164286
3.4800000000000026,-0.834917473258,1.78878334101,21.861307473,0.180583638457,6.20327059568,0.0,-0.223591661384,2.18401439597,5.61105423308,0.100244910291,-0.0670515863182,0.0,462.5289980006656,463.4495979413848,462.8601275445013,462.4280554749187
3.5400000000000027,-0.846683860441,1.92350178698,22.2006284931,0.186240252231,6.19958065622,0.0,-0.168273286499,2.3070419201,5.6989191821,0.0783604490269,-0.052229172536,0.0,467.7195186915104,468.87012675691716,470.21564915462545,468.523766366325
3.6000000000000028,-0.855173726663,2.06544681978,22.5438322708,0.191859994087,6.19637336593,0.0,-0.114445675109,2.4248388516,5.74072577877,0.113789385903,-0.0560252935599,0.0,456.7149881270366,456.41025393537336,454.1111913746058,456.95152556509026
3.660000000000003,-0.8603706754,2.21456263945,22.889511269,0.198988516823,6.19304758099,0.0,-0.0584964327072,2.54622319695,5.78136967647,0.127314347909,-0.0542649509042,0.0,455.9588716395288,456.0975279969324,456.9360291962197,458.02531484331985
3.720000000000003,-0.862241287914,2.37088392357,23.2365784744,0.20714586865,6.19065760889,0.0,-0.00362558733557,2.66509853983,5.7871528498,0.149222877147,-0.0204845204302,0.0,444.45705406897366,447.21654593603046,446.93224265319213,448.7312715269249
3.780000000000003,-0.861443888193,2.53300032164,23.5769800092,0.216436339511,6.18959637056,0.0,0.0303723553773,2.73944570434,5.56045577708,0.164196479796,-0.0126100067621,0.0,364.4718415513012,365.2582273843691,364.9319702101262,366.45204427113725
3.840000000000003,-0.857927612234,2.7012075776,23.9106813802,0.226574914479,6.18925591705,0.0,0.0868689490593,2.86824288426,5.56247993993,0.177129728083,0.00547285294819,0.0,444.7018127477975,446.180955475075,443.58265504867364,444.67086417383825
3.900000000000003,-0.850678179737,2.87813118308,24.247964886,0.237590898302,6.18926430932,0.0,0.154680475699,3.03009493737,5.67915519557,0.194117515858,-0.0135391140431,0.0,481.98777949213184,480.54853110279595,481.23756746565624,482.55144646097307
3.960000000000003,-0.839326294139,3.06506653785,24.5924820495,0.250254864724,6.18873678036,0.0,0.223697898975,3.20209589849,5.80344237668,0.232586371038,-0.000676737832831,0.0,486.2188758848813,487.18185217310554,484.3422881471943,487.26554336284966
4.020000000000002,-0.824434631666,3.26097909901,24.9381417888,0.264197499868,6.18814594515,0.0,0.272722427876,3.32935874148,5.71841239479,0.231956542036,-0.0433921441276,0.0,424.59643779849654,420.9148661144732,421.211668418764,421.2142085861722
4.080000000000001,-0.806040340502,3.4662237607,25.2841125024,0.278400013401,6.18559226236,0.0,0.340603741421,3.5132538246,5.81263039925,0.244817087294,-0.0409500079448,0.0,479.47315938896355,479.65785187041257,480.8498653485337,481.8742510574279
4.14,-0.783697210809,3.68228289408,25.6339105356,0.292671391115,6.18339986864,0.0,0.404329017169,3.68982646981,5.84629123051,0.217959613278,-0.0289262803449,0.0,464.8440109291148,465.7849163578347,464.56016172855044,462.502082938922
4.199999999999998,-0.757941865308,3.9078766654,25.981343795,0.305505999731,6.18188620298,0.0,0.454327013818,3.83088314064,5.73475349261,0.204264876188,-0.018702674462,0.0,416.9093981960624,417.8017902848371,419.3355682826617,418.1919834438032
4.259999999999997,-0.729042436485,4.14246592227,26.3231774853,0.317517478779,6.18087347815,0.0,0.509072477154,3.98960049538,5.65939924522,0.190475072061,-0.0134601333559,0.0,430.8939451885555,431.33709546478696,431.1594378468442,430.0330183321118
4.319999999999996,-0.696830322819,4.38678123021,26.6605447705,0.328882306371,6.1800607863,0.0,0.564725756271,4.15500854865,5.58585508392,0.18720564029,-0.0137148621046,0.0,431.75218950317606,431.73080249942535,432.73427719033646,432.49487511931306
4.379999999999995,-0.660909805769,4.64229379591,26.9966924885,0.340411217157,6.17949762459,0.0,0.632614730574,4.36278728363,5.61802920413,0.200538538196,-0.00189292836057,0.0,468.2028407166722,469.1220290908862,466.835381577191,467.90859844808233
4.439999999999993,-0.621174746081,4.90960681408,27.3322780151,0.352425865384,6.1793476461,0.0,0.69186957673,4.54841424,5.56758664569,0.199649755209,-0.00374163652667,0.0,442.88965870911994,442.73759225831157,443.4951528364184,443.4614941271987
4.499999999999992,-0.577589806386,5.1892025478,27.6673986083,0.364557920155,6.17875027394,0.0,0.76090664049,4.77214879509,5.60191694135,0.206861608383,-0.0268260147288,0.0,472.83484464944894,471.05275714554983,472.46344572865416,473.05660850432895
4.559999999999991,-0.530177351379,5.48129970016,28.0015640385,0.376928532592,6.17779749293,0.0,0.819579390009,4.96517086509,5.53635070546,0.204773500256,1.02562112362e-05,0.0,439.99402572317075,442.21081238566865,442.8050687192889,442.6751691359156
4.6199999999999894,-0.478922587036,5.7862352695,28.3344579866,0.389353699481,6.1777550338,0.0,0.888816623979,5.2000112864,5.55888935266,0.211343930211,-0.0021837155709,0.0,472.2347857968243,472.06549295885475,472.72883638435536,473.27424384629
4.679999999999988,-0.423670247576,6.10489834147,28.6672507943,0.401572477509,6.17770358819,0.0,0.952864836798,5.42276290146,5.53324917891,0.180207011672,0.00167151883325,0.0,458.37732405713103,458.6836951074379,461.6530324002751,459.22714011147247
4.739999999999987,-0.364914865358,6.43584174481,28.9954912079,0.412149305303,6.17815902704,0.0,1.0056248267,5.60928209261,5.40790068448,0.166983123431,0.017374387517,0.0,426.7084841793481,428.04721520888756,427.14993902712587,426.05161627693724
4.799999999999986,-0.302778373752,6.77895227453,29.3181302302,0.421920857701,6.17908389486,0.0,1.06545676122,5.82817055066,5.34610313736,0.152992950185,0.0111744613981,0.0,450.2822998676164,449.78021582484075,450.2048040376769,449.09588055870455
4.859999999999984,-0.236802755043,7.13635863372,29.6393335153,0.430655315145,6.17986818005,0.0,1.13354943259,6.08558846543,5.35952246998,0.123522594309,0.0166183132672,0.0,475.96721133784354,476.38363903538664,477.81898980553524,475.58410160989706
4.919999999999983,-0.166879345451,7.50883878285,29.9602465279,0.438336180692,6.18077506074,0.0,1.19705799702,6.33052948954,5.33673747266,0.135744764815,0.0119238739527,0.0,467.3840408412536,467.01780619601635,466.1382232287372,467.10663600954103
4.979999999999982,-0.0929592293182,7.8969509106,30.2815543955,0.446216135271,6.18140425771,0.0,1.26674161449,6.60654115239,5.372194445,0.120610135194,0.00744489970454,0.0,488.41812786247425,488.08374189948,488.09911363533536,486.98204394137576
5.0399999999999805,-0.0155814476915,8.29871526359,30.5986834955,0.453282604756,6.18204580783,0.0,1.31250256136,6.78594279259,5.19899438977,0.111402589856,0.0165038250163,0.0,418.2512710789892,419.03966492028076,418.9553224685688,418.1670543188641
